115.552 265.555 55 45 0 -2 1.42656
165.375 127.134 5 1.14125 0.1 -0.465675 -1
1 5 80 400 375
1 102 177 400 375
1 186 261 400 375
0 276 351 400 375
0 385 460 400 375
0 469 544 400 375
0 567 642 400 375
0 665 740 400 375
0 767 842 400 375
1 861 936 400 375
0 946 1021 400 375
0 1031 1106 400 375
1 5 80 432 407
1 86 161 432 407
1 177 252 432 407
0 282 357 432 407
0 364 439 432 407
0 471 546 432 407
0 557 632 432 407
0 658 733 432 407
0 762 837 432 407
1 844 919 432 407
0 927 1002 432 407
0 1029 1104 432 407
1 5 80 470 445
0 111 186 470 445
1 199 274 470 445
1 284 359 470 445
0 381 456 470 445
0 467 542 470 445
0 558 633 470 445
0 656 731 470 445
0 745 820 470 445
0 847 922 470 445
0 944 1019 470 445
0 1043 1118 470 445
0 5 80 502 477
0 108 183 502 477
0 209 284 502 477
0 291 366 502 477
1 374 449 502 477
0 457 532 502 477
0 551 626 502 477
0 652 727 502 477
0 733 808 502 477
0 836 911 502 477
0 944 1019 502 477
0 1041 1116 502 477
0 5 80 547 522
1 112 187 547 522
1 219 294 547 522
1 318 393 547 522
0 421 496 547 522
0 522 597 547 522
0 621 696 547 522
0 729 804 547 522
0 825 900 547 522
0 910 985 547 522
0 1010 1085 547 522
0 0 0 0 0
1 5 80 580 555
0 95 170 580 555
0 177 252 580 555
1 261 336 580 555
0 369 444 580 555
0 475 550 580 555
0 570 645 580 555
0 670 745 580 555
0 759 834 580 555
0 849 924 580 555
0 949 1024 580 555
0 1035 1110 580 555
2 1 4 4 0 0 0 0 0 0 0 0 
0 0 0 0 0 0 0 0 0 0 0 0 
0 0 0 0 0 0 0 0 0 0 0 0 
0 0 0 0 0 0 0 0 0 0 0 0 
0 0 0 0 0 0 0 0 0 0 0 0 
0 0 0 0 0 0 0 0 0 0 0 0 
313.5 343.5 199 169 0.5 4
